   0.00000000      -1.71828377      -27.1828175       0.00000000    
   6.28318563E-02  -1.60575593      -25.3648777      -1.01327896E-06
  0.125663713      -1.40041888      -20.4875717       1.13031769    
  0.188495576      -1.12032890      -13.7249355     -0.271496236    
  0.251327425     -0.790599167      -6.53219604       5.66244118E-08
  0.314159274     -0.437913865     -0.168106556      -1.13031840    
  0.376991153      -8.57623070E-02   4.61044312      -4.43365872E-02
  0.439823002      0.248437226       7.60410976       5.47428848E-03
  0.502654850      0.554106116       9.03455544      -6.31108037E-08
  0.565486729      0.826656818       9.33430958      -1.77667687E-07
  0.628318548       1.06582797       8.96411419       5.42778231E-04
  0.691150427       1.27390206       8.30389309     -0.271540314    
  0.753982306       1.45422077       7.61538696       5.27581641E-08
  0.816814125       1.61016548       7.05132675      -1.07288365E-08
  0.879646003       1.74455678       6.68454981      -3.18944444E-06
  0.942477822       1.85936642       6.53914595       1.81106415E-07
   1.00530970       1.95562208       6.61517286      -2.84268307E-08
   1.06814158       2.03340602       6.90481853      -4.43368256E-02
   1.13097346       2.09188366       7.40066624       2.28969057E-08
   1.19380522       2.12933040       8.09703732      -1.32782620E-08
   1.25663710       2.14314675       8.98460674      -1.82944948E-08
   1.31946898       2.12989068       10.0374269      -1.36797542E-08
   1.38230085       2.08537173       11.1914349       8.06128408E-09
   1.44513273       2.00490069       12.3152351      -5.47420792E-03
   1.50796461       1.88379550       13.1790771      -3.90513177E-09
   1.57079637       1.71828187       13.4365635      -8.76538897E-10
   1.63362825       1.50683594       12.6433792      -1.57777003E-09
   1.69646013       1.25190961       10.3404646      -1.72460144E-08
   1.75929201      0.961696744       6.21435881      -1.66408909E-09
   1.82212389      0.651335716      0.306730270      -5.42919850E-04
   1.88495564      0.342743218      -6.81114054       2.24176766E-09
   1.94778752       6.24380969E-02  -14.0190353       2.31924679E-09
   2.01061940     -0.162705079      -19.8712959      -4.05868184E-09
   2.07345128     -0.310911000      -23.0353546       1.54149948E-09
   2.13628316     -0.370517254      -22.7739010      -4.11066514E-10
   2.19911504     -0.342742771      -19.2330151      -4.49793151E-05
   2.26194692     -0.241135806      -13.3809271       1.28379229E-09
   2.32477880      -8.79322290E-02  -6.63117218      -4.11634282E-09
   2.38761044       9.12720636E-02 -0.349579334       9.05595432E-10
   2.45044231      0.272691160       4.52482510      -4.57068028E-09
   2.51327419      0.437912285       7.61780643      -7.13472037E-09
   2.57610607      0.575334728       9.03562546      -3.20324398E-06
   2.63893795      0.679771125       9.16616249      -5.46151169E-09
   2.70176983      0.750961363       8.47920036      -5.60713787E-09
   2.76460171      0.791761875       7.39130020       4.54715865E-09
   2.82743359      0.806529403       6.20689297       4.76555995E-09
   2.89026546      0.799938381       5.11525679       7.08508052E-09
   2.95309734      0.776241243       4.21559572      -2.00326355E-07
   3.01592922      0.738884509       3.54891062      -5.78485304E-09
   3.07876086      0.690350533       3.12532306      -4.24198277E-09
   3.14159274      0.632121027       2.94303560       7.61720731E-09
   3.20442462      0.564687014       2.99899888      -3.65375596E-09
   3.26725650      0.487561196       3.29232764       4.22603108E-09
   3.33008838      0.399281681       3.82100344      -1.61871512E-08
   3.39292026      0.297415704       4.57134342      -2.44950588E-10
   3.45575213      0.178612038       5.49915934      -2.90430280E-09
   3.51858401       3.87705527E-02   6.50256252       6.98551261E-09
   3.58141589     -0.126561359       7.39019871      -7.62755370E-09
   3.64424777     -0.321441323       7.85629988       3.75183618E-09
   3.70707941     -0.548341453       7.48379040      -9.95615856E-09
   3.76991129     -0.806529820       5.80328894       3.27461702E-09
   3.83274317      -1.09025955       2.42829370      -4.43007497E-09
   3.89557505      -1.38728464      -2.74506927       1.11836158E-08
   3.95840693      -1.67846966      -9.33921528      -1.10486653E-09
   4.02123880      -1.93923700      -16.4106979       1.45377183E-10
   4.08407068      -2.14314723      -22.5885086      -3.00757375E-09
   4.14690256      -2.26708484      -26.4531536       5.33160804E-09
   4.20973444      -2.29660392      -27.0299053      -4.12132384E-10
   4.27256632      -2.22959566      -24.1658268       6.15622753E-09
   4.33539820      -2.07685900      -18.5912876      -3.47612739E-09
   4.39823008      -1.85936284      -11.6320734       1.04526909E-09
   4.46106195      -1.60324919      -4.72749615      -1.49356283E-09
   4.52389383      -1.33440268       1.00784969       9.42093514E-10
   4.58672571      -1.07422614       5.00736427       1.50099289E-09
   4.64955759     -0.837476790       7.23287106      -1.95781680E-09
   4.71238899     -0.632118464       7.99999952      -2.24806440E-09
   4.77522087     -0.460519731       7.76855230       4.47550441E-09
   4.83805275     -0.321237504       6.98209953      -7.63660024E-10
   4.90088463     -0.210730001       5.98487282       2.09516982E-09
   4.96371651     -0.124696814       5.00312901      -2.04762984E-10
   5.02654839      -5.89619651E-02   4.16359758       1.35888167E-09
   5.08938026      -9.96934995E-03   3.52471471       1.24028687E-09
   5.15221214       2.49919295E-02   3.10608602       3.89804466E-10
   5.21504402       4.77118865E-02   2.91025543       5.47079448E-09
   5.27787590       5.90544939E-02   2.93594313       8.61143601E-10
   5.34070778       5.89629449E-02   3.18370771      -2.46473264E-09
   5.40353966       4.64573540E-02   3.65484929       4.54284033E-09
   5.46637154       1.96303278E-02   4.34335947       3.47719409E-09
   5.52920341      -2.43346822E-02   5.21993542       0.00000000    
   5.59203529      -8.90478641E-02   6.20739222       7.35496608E-10
   5.65486717     -0.178613469       7.14961720       2.64778777E-09
   5.71769905     -0.297019571       7.78248215       1.29514111E-09
   5.78053093     -0.447106868       7.72468758       9.08006503E-10
   5.84336281     -0.629086673       6.51508999       1.34852141E-09
   5.90619469     -0.838755250       3.72166657      -6.77969103E-09
   5.96902657      -1.06583273     -0.875891447       3.10306170E-10
   6.03185844      -1.29312360      -7.07617712      -3.03195002E-09
   6.09468985      -1.49728823      -14.1195250       4.96291785E-10
   6.15752172      -1.65174162      -20.7441540      -3.10802739E-09
   6.22035360      -1.73141944      -25.4912014      -3.33652550E-10
